Tile Center	Tile Score	Tile start	Tile end
20	-0.50981584	1	40
30	-0.574370516	11	50
40	-0.57785088	21	60
50	-0.596913856	31	70
60	-0.214658809	41	80
70	-1	51	90
80	-0.415670199	61	100
90	-0.283908433	71	110
100	-0.464966514	81	120
110	1.315121926	91	130
120	0.51857268	101	140
130	-0.481465956	111	150
140	-0.525700448	121	160
150	-0.530361791	131	170
160	-0.550471339	141	180
170	-0.579435735	151	190
180	1.961923832	161	200
190	1.996871806	171	210
200	-0.00233341	181	220
210	1.936414691	191	230
220	0.47016666	201	240
230	0.363021827	211	250
240	1.938794387	221	260
250	4.305355816	231	270
260	4.343414815	241	280
270	3.551682124	251	290
280	1.546547508	261	300
290	0.304957917	271	310
300	0.134473568	281	320
310	3.164832911	291	330
315	3.393413346	296	335